E(DV)EJN Case

4000	 0.66813529E+00  -0.28655747E+00  -0.36186620E-02  magnitude   0.72700278E+00
4100	 0.57630088E+00  -0.23795077E+00  -0.12543449E-02  magnitude   0.62349406E+00
4200	 0.52208490E+00  -0.21736502E+00  -0.85981970E-03  magnitude   0.56552713E+00
4300	 0.48256063E+00  -0.20458022E+00  -0.68362492E-03  magnitude   0.52413577E+00
4400	 0.45214993E+00  -0.19574091E+00  -0.56790053E-03  magnitude   0.49270111E+00
4500	 0.42769283E+00  -0.18918879E+00  -0.48529312E-03  magnitude   0.46766846E+00
4600	 0.40766596E+00  -0.18417168E+00  -0.41082416E-03  magnitude   0.44733758E+00
4700	 0.39113009E+00  -0.18026090E+00  -0.40684108E-03  magnitude   0.43067030E+00
4800	 0.37692819E+00  -0.17707106E+00  -0.34135753E-03  magnitude   0.41644824E+00
4900	 0.37012005E+00  -0.17559624E+00  -0.36551881E-03  magnitude   0.40966208E+00

